2346
-2147483648
-344
-0
0
234
235
235
23578
23578
23579
23579
23579
23579
23579
23579
23579
23579
23579
23579
23579
23579
23579
23579
23579
23579
23579
23579
23579
23579
23579
23579
23579
23579
23579
23579
23579
23579
23579
23579
23579
23579
23579
23579
23579
23579
23579
23579
23579
23579
23579
23579
23579
23579
23579
23579
23579
23579
23579
23579
23579
23579
23579
23579
23579
23579
23579
23579
23579
23579
23579
23579
23579
23579
23579
23579
23579
23579
23579
23579
23579
23579
23579
23579
23579
23579
23579
23579
23579
23579
23579
23579
23579
23579
23579
23579
23579
23579
23579
23579
23579
23579
23579
23579
23579
23579
23579
23579
23579
23579
23579
23579
23579
23579
23579
23579
23579
23579
23579
23579
23579
23579
23579
23579
23579
23579
23579
23579
23579
23579
23579
23579
23579
23579
23579
23579
23579
23579
23579
23579
23579
23579
23579
23579
23579
23579
23579
23579
23579
23579
23579
23579
23579
23580
23580
23580
23580
23580
23580
23580
23580
23580
23580
23580
23580
23580
23580
23580
23580
23580
23580
23580
23580
23580
23580
23580
23580
23580
23580
23580
23580
23580
23580
23580
23580
23580
23580
23580
23580
23580
23580
23580
23580
23580
23580
23580
23580
23580
23580
23580
23580
23580
23580
23580
23580
23580
23580
23580
23580
23580
23580
23580
23580
23580
23580
23580
23580
23580
23580
23580
23580
23580
23580
23580
23580
23580
23580
23580
23580
23580
23580
23580
23580
23580
23580
23580
23580
23580
23580
23580
23580
23580
23580
23580
23580
23580
23580
23580
23580
23580
23580
23580
23580
23580
23580
23580
23580
23580
23580
23580
23580
23580
23580
23580
23580
23580
23580
23580
23580
23580
23580
23580
23580
23580
23580
23580
23580
23580
23580
23580
23580
23580
23580
23580
23580
23580
23580
23580
23580
23580
23580
23580
23580
23580
23580
23580
23580
23580
23580
23580
23580
23580
23580
23580
23580
23580
23580
23580
23580
23580
23580
23580
23580
23580
23580
23580
23580
23580
23580
23580
23580
23580
23580
23580
23580
23580
23580
23580
23580
23580
23580
23580
23580
23580
23580
23580
23580
23580
23580
23580
23580
23580
23580
23580
23580
23580
23580
23580
23580
23580
23580
23580
23580
23580
23580
23580
23580
23580
23580
23580
23580
23580
23580
23580
23580
23580
23580
23580
23580
23580
23580
23580
23580
23580
23580
23580
23580
23580
23580
23580
23580
23580
23580
23580
23580
23580
23580
23580
23580
23580
23580
23580
23580
23580
23580
23580
23580
23580
23580
23580
23580
23580
23580
23580
23580
23580
23580
23580
23580
23580
23580
23580
23580
23580
23580
23580
23580
23580
23580
23580
23580
23580
23580
23580
23580
23580
23580
23580
23580
23580
23580
23580
23580
23580
23580
23580
23580
23580
23580
23580
23580
23580
23580
23580
23580
23580
23580
23580
23580
23580
23580
23580
23580
23580
23580
23580
23580
23580
23580
23580
23580
23580
23580
23580
23580
23580
23580
23580
23580
23580
23580
23580
23580
23580
23580
23580
23580
23580
23580
23580
23580
23580
23580
23580
23580
23580
23580
23580
23580
23580
23580
23580
23580
23580
23580
23580
23580
23580
23580
23580
23580
23580
23580
23580
23580
23580
23580
23580
23580
23580
23580
23580
23580
23580
23580
23580
23580
23580
23580
23580
23580
23580
23580
23580
23580
2147483647